version;4;5;http://eagleup.wordpress.com/;
settings;/Applications/EAGLE/models/;/usr/local/bin/convert;/usr/local/bin/composite;rm;
color;0x5C246E;0x9A32CD;silver;ivory;
outline-line;0.000000;31.750000;0.000000;13.508000;0.000000;
outline-line;0.000000;5.992000;0.000000;4.127106;0.000000;
outline-arc;4.635106;4.635106;4.662863;186.254560;276.254560;0.000000;
outline-line;5.143106;0.000000;5.992000;0.000000;0.000000;
outline-line;13.508000;0.000000;31.750000;0.000000;0.000000;
outline-arc;31.750000;5.080000;5.080000;270.000000;360.000000;0.000000;
outline-line;36.830000;5.080000;36.830000;6.500000;0.000000;
outline-line;36.830000;13.000000;36.830000;24.026000;0.000000;
outline-line;36.830000;30.526000;36.830000;32.766000;0.000000;
outline-arc;32.766000;32.766000;4.064000;0.000000;90.000000;0.000000;
outline-line;32.766000;36.830000;30.526000;36.830000;0.000000;
outline-line;24.026000;36.830000;13.000000;36.830000;0.000000;
outline-line;6.500000;36.830000;5.080000;36.830000;0.000000;
outline-arc;5.080000;31.750000;5.080000;90.000000;180.000000;0.000000;
outline-arc;-1.628466;9.750000;4.095666;293.428693;426.571307;0.000000;
outline-arc;9.750000;-1.628466;4.095666;23.428693;156.571307;0.000000;
outline-arc;38.238334;9.750000;3.542019;113.428693;246.571307;0.000000;
outline-arc;9.750000;38.238334;3.542019;203.428693;336.571307;0.000000;
outline-arc;27.276000;38.238334;3.542019;203.428693;336.571307;0.000000;
outline-arc;38.238334;27.276000;3.542019;113.428693;246.571307;0.000000;
outline;0.000000;0.000000;36.830000;36.830000;0.000000;
outline-complete;0.00;
hole;3.302;34.036;1.016;0.000;
hole;34.036;3.302;1.016;0.000;
hole;34.290;34.290;1.016;0.000;
hole;2.794;3.048;1.016;0.000;
hole;11.684;33.528;0.508;0.000;
hole;16.764;34.544;0.508;0.000;
hole;16.764;32.512;0.508;0.000;
hole-complete;holes;7;0x5C246E;
hole;26.162;27.432;0.165;0.000;
hole;9.398;26.162;0.165;0.000;
hole;27.432;10.668;0.165;0.000;
hole;10.668;9.398;0.165;0.000;
hole-complete;element;4;silver;
